            %HWP %10 %40 %70 %90 %100
pol_data = [ 3   
             4
             6  440, 33.3
           9.5  
            10  
          14.5
            15
            26
           290
           299
           300
           304
           309
           310
           314
           319
           320
           320
           324
           325
           327
           329
           332
           335
           335
         338.5
         338.5
           339
           340
           342
           344
           347
           350
           352
           353
           354
           358